            std::vector<int>{ 0, 1, 2, 3, 0, 4, 8, 12, 0, 16, 32, 48, 0, 5, 10, 15, 0, 21, 42, 63, 0, 20, 40, 60, 0, 17, 34, 51},
            std::vector<int>{0, 1, 2, 3, 2, 6, 10, 14, 2, 18, 34, 50, 2, 22, 42, 62, 1, 21, 41, 61 },
            std::vector<int>{0, 1, 2, 3, 3, 7, 11, 15, 3, 19, 35, 51, 3, 23, 43, 63, 3, 18, 33, 48, 3, 22, 41, 60 },
            std::vector<int>{4, 5, 6, 7, 0, 4, 8, 12, 4, 21, 38, 55, 4, 20, 36, 52 },
            std::vector<int>{4, 5, 6, 7, 1, 5, 9, 13, 5, 21, 37, 53, 0, 5, 10, 15 },
            std::vector<int>{4, 5, 6, 7, 3, 6, 9, 12, 6, 10, 14, 18, 6, 22, 28, 34},
            std::vector<int>{4, 5, 6, 7, 3, 7, 11, 15, 7, 22, 27, 52, 7, 23, 39, 55 },
            std::vector<int>{8, 9, 10, 11, 0, 4, 8, 12, 8, 24, 40, 56, 8, 25, 42, 59 },
            std::vector<int>{8, 9, 10, 11, 1, 5, 9, 13, 9, 25, 41, 57, 3, 6, 9, 12, 3, 6, 9, 12 },
            std::vector<int>{ 8, 9, 10, 11, 2, 6, 10, 14, 10, 26, 42, 58 , 0, 5, 10, 15},
            std::vector<int>{ 8, 9, 10, 11, 3, 7, 11, 15, 11, 27, 43, 59, 11, 26, 41, 56, 4, 21, 38, 55 },
            std::vector<int>{ 12, 13, 14, 15, 0, 4, 8, 12, 12, 28, 44, 60, 3, 6, 9, 12, 12, 25, 38, 51, 12, 24, 36, 48},
            std::vector<int>{ 12, 13, 14, 15, 1, 5, 9, 13, 13, 29, 45, 61, 13, 25, 37, 49, 13, 25, 37, 49},
            std::vector<int>{ 12, 13, 14, 15, 2, 6, 10, 14, 14, 30, 46, 62, 14, 26, 38, 50},
            std::vector<int>{ 12, 13, 14, 15, 3, 7, 11, 15, 15, 31, 47, 63, 0, 5, 10, 15, 15, 26, 37, 48, 15, 27, 39, 51, 15, 30, 45, 60 },
            std::vector<int>{ 16, 17, 18, 19, 16, 20, 24, 28, 0, 16, 32, 48, 0, 16, 32, 48, 16,  21,  26,  31 },
            std::vector<int>{ 16, 17, 18, 19, 17, 21, 25, 29, 1, 17, 33, 49, 0, 17, 34, 51 },
            std::vector<int>{ 16, 17, 18, 19, 18, 22, 26, 30, 2, 18, 34, 50, 3, 18, 33, 48 },
            std::vector<int>{ 16, 17, 18, 19, 19, 23, 27, 31, 3, 19, 35, 51, 19, 22, 25, 28},
            std::vector<int>{ 20, 21, 22, 23, 16, 20, 24, 28, 4, 20, 36, 52, 0, 20, 40, 60 },
            std::vector<int>{ 20, 21, 22, 23, 17, 21, 25, 29, 5, 21, 37, 53, 1, 21, 41, 61 },
            std::vector<int>{ 20, 21, 22, 23, 18, 22, 26, 30, 6, 22, 38, 54, 19, 22, 25, 28, 3, 22, 41, 60 },
            std::vector<int>{ 20, 21, 22, 23, 19, 23, 27, 31, 7, 23, 39, 55, 3, 23, 43, 63 },
            std::vector<int>{ 24, 25, 26, 27, 16, 20, 24, 28, 8, 24, 40, 56, 12, 24, 36, 48 },
            std::vector<int>{ 24, 25, 26, 27, 17, 21, 25, 29, 9, 25, 41, 57, 13, 25, 37, 49, 12, 25, 38, 51 },
            std::vector<int>{ 24, 25, 26, 27, 18, 22, 26, 30, 10, 26, 42, 58, 14, 26, 38, 50, 15, 26, 37, 48, 11, 26, 41, 56},
            std::vector<int>{ 24, 25, 26, 27, 19, 23, 27, 31, 11, 27, 43, 59, 15, 27, 39, 51 },
            std::vector<int>{ 28, 29, 30, 31, 16, 20, 24, 28, 12, 28, 44, 60, 19, 22, 25, 28 },
            std::vector<int>{ 28, 29, 30, 31, 17, 21, 25, 29, 13, 29, 45, 61. 12, 29, 46, 63 },
            std::vector<int>{ 28, 29, 30, 31, 18, 22, 26, 30, 14, 30, 46, 62, 15, 30, 45, 60 },
            std::vector<int>{ 28, 29, 30, 31, 19, 23, 27, 31, 15, 31, 47, 63, 16, 21, 26, 31 },
            std::vector<int>{ 32, 33, 34, 35, 32, 36, 40, 44, 0, 16, 32, 48, 0, 16, 32, 48, 3, 18, 33, 48, 32,  37,  42,  47 },
            std::vector<int>{ 32, 33, 34, 35, 33, 37, 41, 45, 1, 17, 33, 49, 3, 18, 33, 48 },
            std::vector<int>{ 32, 33, 34, 35, 34, 38, 42, 46, 2, 18, 34, 50, 0, 17, 34, 51 },
            std::vector<int>{ 32, 33, 34, 35, 35, 39, 43, 47, 3, 19, 35, 51, 35, 38, 41, 44 },
            std::vector<int>{ 36, 37, 38, 39, 32, 36, 40, 44, 4, 20, 36, 52, 12, 24, 36, 48 },
            std::vector<int>{ 36, 37, 38, 39, 33, 37, 41, 45, 5, 21, 37, 53, 13, 25, 37, 49, 7, 22, 37, 52 },
            std::vector<int>{ 36, 37, 38, 39, 34, 38, 42, 46, 6, 22, 38, 54, 14, 26, 38, 50, 35, 38, 41, 44, 12, 25, 38, 51},
            std::vector<int>{ 36, 37, 38, 39, 35, 39, 43, 47, 7, 23, 39, 55, 15, 27, 39, 51 },
            std::vector<int>{ 40, 41, 42, 43, 32, 36, 40, 44, 8, 24, 40, 56, 0, 20, 40, 60 },
            std::vector<int>{ 40, 41, 42, 43, 33, 37, 41, 45, 9, 25, 41, 57, 35, 38, 41, 44, 3, 22, 41, 60, 1, 21, 41, 61 },
            std::vector<int>{ 40, 41, 42, 43, 34, 38, 42, 46, 10, 26, 42, 58, 2, 22, 42, 62 },
            std::vector<int>{ 40, 41, 42, 43, 35, 39, 43, 47, 11, 27, 43, 59, 3, 23, 43, 63 },
            std::vector<int>{ 44, 45, 46, 47, 32, 36, 40, 44, 12, 28, 44, 60, 35, 38, 41, 44 },
            std::vector<int>{ 44, 45, 46, 47, 33, 37, 41, 45, 13, 29, 45, 61, 15, 30, 45, 60 },
            std::vector<int>{ 44, 45, 46, 47, 34, 38, 42, 46, 14, 30, 46, 62, 12, 29, 46, 63 },
            std::vector<int>{ 44, 45, 46, 47, 35, 39, 43, 47, 15, 31, 47, 63, 32, 37, 42, 47 },
            std::vector<int>{ 48, 49, 50, 51, 48, 52, 56, 60, 0, 16, 32, 48, 0, 16, 32, 48, 3, 18, 33, 48, 48, 53, 58, 63, 15, 26, 37, 48, 12, 24, 36, 48 },
            std::vector<int>{ 48, 49, 50, 51, 49, 53, 57, 61, 1, 17, 33, 49, 13, 25, 37, 49 },
            std::vector<int>{ 48, 49, 50, 51, 50, 54, 58, 62, 2, 18, 34, 50, 14, 26, 38, 50 },
            std::vector<int>{ 48, 49, 50, 51, 51, 55, 59, 63, 3, 19, 35, 51, 0, 17, 34, 51, 12, 25, 38, 51, 15, 27, 39, 51 },
            std::vector<int>{ 52, 53, 54, 55, 48, 52, 56, 60, 4, 20, 36, 52, 7, 22, 37, 52 },
            std::vector<int>{ 52, 53, 54, 55, 49, 53, 57, 61, 5, 21, 37, 53, 48, 53, 58, 63 },
            std::vector<int>{ 52, 53, 54, 55, 50, 54, 58, 62, 6, 22, 38, 54, 51, 54, 57, 60 },
            std::vector<int>{ 52, 53, 54, 55, 51, 55, 59, 63, 7, 23, 39, 55, 4, 21, 38, 55 },
            std::vector<int>{ 56, 57, 58, 59, 48, 52, 56, 60, 8, 24, 40, 56, 11, 26, 41, 56 },
            std::vector<int>{ 56, 57, 58, 59, 49, 53, 57, 61, 9, 25, 41, 57, 51, 54, 57, 60 },
            std::vector<int>{ 56, 57, 58, 59, 50, 54, 58, 62, 10, 26, 42, 58, 48, 53, 58, 63 },
            std::vector<int>{ 56, 57, 58, 59, 51, 55, 59, 63, 11, 27, 43, 59, 8, 25, 42, 59 },
            std::vector<int>{ 60, 61, 62, 63, 48, 52, 56, 60, 12, 28, 44, 60, 0, 20, 40, 60, 60, 57, 54, 51, 3, 22, 41, 60, 51, 54, 57, 60},
            std::vector<int>{ 60, 61, 62, 63, 49, 53, 57, 61, 13, 29, 45, 61, 1, 21, 41, 61 },
            std::vector<int>{ 60, 61, 62, 63, 50, 54, 58, 62, 14, 30, 46, 62, 2, 22, 42, 62 },
            std::vector<int>{ 60, 61, 62, 63, 51, 55, 59, 63, 15, 31, 47, 63, 0, 21, 42, 63, 48, 53, 58, 48, 53, 58, 63, 3, 23, 43, 63, 12, 29, 46, 63 },